HIMAWARI-8              
1 40267U 14060A   15364.00000000  .00000000  00000-0  00000-0 0 00248
2 40267 000.0022 033.9442 0001033 283.6907 281.1519 01.00276296  4534
HIMAWARI-8              
1 40267U 14060A   15358.00000000  .00000000  00000-0  00000-0 0 00230
2 40267 000.0122 313.8155 0001994 328.3317 310.7083 01.00267133  4472
HIMAWARI-8              
1 40267U 14060A   15350.00000000  .00000000  00000-0  00000-0 0 00221
2 40267 000.0150 062.6809 0000537 215.7671 306.5712 01.00275935  4394
HIMAWARI-8              
1 40267U 14060A   15344.00000000  .00000000  00000-0  00000-0 0 00213
2 40267 000.0074 019.1787 0000974 268.0134 291.9109 01.00267121  4330
HIMAWARI-8              
1 40267U 14060A   15336.00000000  .00000000  00000-0  00000-0 0 00203
2 40267 000.0362 109.5068 0000734 165.7920 295.9248 01.00274645  4254
HIMAWARI-8              
1 40267U 14060A   15330.00000000  .00000000  00000-0  00000-0 0 00195
2 40267 000.0130 043.1917 0001911 222.7863 299.3240 01.00269500  4198
HIMAWARI-8              
1 40267U 14060A   15322.00000000  .00000000  00000-0  00000-0 0 00185
2 40267 000.0373 107.3607 0000685 101.9574 348.1306 01.00274870  4114
HIMAWARI-8              
1 40267U 14060A   15316.00000000  .00000000  00000-0  00000-0 0 00177
2 40267 000.0017 306.0737 0000809 315.6929 289.7548 01.00269658  4056
HIMAWARI-8              
1 40267U 14060A   15302.12500000  .00000000  00000-0  00000-0 0 00169
2 40267 000.0113 060.4073 0001972 176.6180 345.7802 01.00264973  3918
HIMAWARI-8              
1 40267U 14060A   15288.00000000  .00000000  00000-0  00000-0 0 00153
2 40267 000.0082 271.8378 0000694 325.5465 286.5515 01.00272622  3777
HIMAWARI-8              
1 40267U 14060A   15280.00000000  .00000000  00000-0  00000-0 0 00144
2 40267 000.0414 079.5917 0000971 109.3025 327.1285 01.00271062  3690
HIMAWARI-8              
1 40267U 14060A   15274.25000000  .00000000  00000-0  00000-0 0 00133
2 40267 000.0303 091.1066 0001602 122.2819 026.9413 01.00267629  3634
HIMAWARI-8              
1 40267U 14060A   15266.04166667  .00000000  00000-0  00000-0 0 00122
2 40267 000.0345 092.0862 0001098 055.0483 010.1368 01.00272206  3544
HIMAWARI-8              
1 40267U 14060A   15260.12500000  .00000000  00000-0  00000-0 0 00117
2 40267 000.0185 107.4481 0001124 084.5583 349.3855 01.00267655  3485
HIMAWARI-8              
1 40267U 14060A   15252.00000000  .00000000  00000-0  00000-0 0 00109
2 40267 000.0276 097.7597 0001188 082.4479 308.1844 01.00268703  3404
HIMAWARI-8              
1 40267U 14060A   15246.12500000  .00000000  00000-0  00000-0 0 00097
2 40267 000.0136 112.4717 0001271 105.6599 309.4454 01.00270189  3347
HIMAWARI-8              
1 40267U 14060A   15238.00000000  .00000000  00000-0  00000-0 0 00080
2 40267 000.0104 094.5765 0001138 036.5124 343.5113 01.00269810  3264
HIMAWARI-8              
1 40267U 14060A   15224.00000000  .00000000  00000-0  00000-0 0 00074
2 40267 000.0030 099.5392 0000933 052.9054 308.3356 01.00268747  3120
HIMAWARI-8              
1 40267U 14060A   15219.00000000  .00000000  00000-0  00000-0 0 00067
2 40267 000.0081 067.0177 0000782 127.2056 261.6136 01.00271540  3073
HIMAWARI-8              
1 40267U 14060A   15210.00000000  .00000000  00000-0  00000-0 0 00057
2 40267 000.0091 230.4232 0001614 249.4792 327.1127 01.00269120  2989
HIMAWARI-8              
1 40267U 14060A   15204.00000000  .00000000  00000-0  00000-0 0 00049
2 40267 000.0246 270.2453 0000510 248.7911 282.0238 01.00272359  2921
HIMAWARI-8              
1 40267U 14060A   15196.00000000 -.00000189  00000-0  00000-0 0 00037
2 40267 000.0376 213.4551 0000619 310.9322 268.7924 01.00272847  2847
HIMAWARI-8              
1 40267U 14060A   15189.00000000  .00000000  00000-0  00000-0 0 00029
2 40267 000.0161 107.7414 0000743 044.5210 274.0080 01.00272230  2777
HIMAWARI 8              
1 40267U 14060A   15182.00000000  .00000000  00000-0  00000-0 0 00011
2 40267 000.0095 208.5037 0001699 248.2430 322.6771 01.00269060  2709
