HIMAWARI-8              
1 40267U 14060A   16363.00000000  .00000000  00000-0  00000-0 0 00721
2 40267 000.0175 248.9032 0001202 038.0999 310.5668 01.00270293  8185
HIMAWARI-8              
1 40267U 14060A   16357.00000000  .00000000  00000-0  00000-0 0 00713
2 40267 000.0312 264.4877 0000893 033.2948 293.8277 01.00269824  8125
HIMAWARI-8              
1 40267U 14060A   16349.00000000  .00000000  00000-0  00000-0 0 00703
2 40267 000.0107 222.9684 0001814 048.9059 311.8859 01.00270920  8049
HIMAWARI-8              
1 40267U 14060A   16343.29166667  .00000000  00000-0  00000-0 0 00698
2 40267 000.0097 184.9257 0000730 077.1518 061.0744 01.00270075  7991
HIMAWARI-8              
1 40267U 14060A   16335.00000000  .00000000  00000-0  00000-0 0 00685
2 40267 000.0064 250.9532 0000988 014.8035 304.2386 01.00272349  7903
HIMAWARI-8              
1 40267U 14060A   16329.00000000  .00000000  00000-0  00000-0 0 00677
2 40267 000.0091 251.6652 0000953 355.1695 317.2037 01.00266797  7849
HIMAWARI-8              
1 40267U 14060A   16321.00000000  .00000000  00000-0  00000-0 0 00668
2 40267 000.0064 352.8277 0001564 260.5909 302.7793 01.00273401  7761
HIMAWARI-8              
1 40267U 14060A   16315.00000000  .00000000  00000-0  00000-0 0 00650
2 40267 000.0091 259.8178 0001007 307.6347 342.8464 01.00266738  7707
HIMAWARI-8              
1 40267U 14060A   16307.00000000  .00000000  00000-0  00000-0 0 00640
2 40267 000.0016 248.5986 0000544 339.8978 313.9359 01.00274494  7629
HIMAWARI-8              
1 40267U 14060A   16301.00000000  .00000000  00000-0  00000-0 0 00633
2 40267 000.0042 234.7095 0001031 351.2061 310.5706 01.00265760  7567
HIMAWARI-8              
1 40267U 14060A   16293.00000000  .00000000  00000-0  00000-0 0 00622
2 40267 000.0136 159.4012 0001205 081.4126 287.7967 01.00276895  7486
HIMAWARI-8              
1 40267U 14060A   16287.00000000  .00000000  00000-0  00000-0 0 00614
2 40267 000.0039 214.8350 0001628 334.9623 332.8837 01.00266234  7424
HIMAWARI-8              
1 40267U 14060A   16279.00000000  .00000000  00000-0  00000-0 0 00604
2 40267 000.0146 158.5653 0000774 035.5421 320.6909 01.00276018  7341
HIMAWARI-8              
1 40267U 14060A   16273.04166667  .00000000  00000-0  00000-0 0 00592
2 40267 000.0063 189.5270 0001166 017.1964 317.1638 01.00265680  7277
HIMAWARI-8              
1 40267U 14060A   16265.04166667  .00000000  00000-0  00000-0 0 00582
2 40267 000.0069 175.2701 0001151 052.5237 288.2317 01.00275499  7196
HIMAWARI-8              
1 40267U 14060A   16259.00000000  .00000000  00000-0  00000-0 0 00578
2 40267 000.0219 230.7486 0001539 300.3745 323.9174 01.00266433  7138
HIMAWARI-8              
1 40267U 14060A   16251.00000000  .00000000  00000-0  00000-0 0 00569
2 40267 000.0169 219.8810 0000600 291.1048 336.2124 01.00274715  7057
HIMAWARI-8              
1 40267U 14060A   16245.08333333  .00000000  00000-0  00000-0 0 00557
2 40267 000.0217 252.8883 0001378 291.6934 326.7917 01.00265640  6993
HIMAWARI-8              
1 40267U 14060A   16237.00000000  .00000000  00000-0  00000-0 0 00541
2 40267 000.0155 249.4634 0001082 314.1659 269.7591 01.00276895  6917
HIMAWARI-8              
1 40267U 14060A   16231.00000000  .00000000  00000-0  00000-0 0 00534
2 40267 000.0484 254.7321 0001826 262.5653 310.1419 01.00268310  6856
HIMAWARI-8              
1 40267U 14060A   16223.04166667  .00000000  00000-0  00000-0 0 00520
2 40267 000.0082 139.4413 0001051 353.4697 341.7001 01.00274137  6771
HIMAWARI-8              
1 40267U 14060A   16217.16666667 -.00000144  00000-0 -16356+4 0 00515
2 40267 000.0053 144.3250 0000831 045.9191 323.5632 01.00270524  6718
HIMAWARI-8              
1 40267U 14060A   16209.00000000  .00000000  00000-0  00000-0 0 00506
2 40267 000.0219 110.1500 0000969 084.6311 251.0078 01.00273669  6630
HIMAWARI-8              
1 40267U 14060A   16203.04166667  .00000000  00000-0  00000-0 0 00494
2 40267 000.0098 120.6385 0001843 017.1554 317.1213 01.00268898  6570
HIMAWARI-8              
1 40267U 14060A   16195.00000000  .00000000  00000-0  00000-0 0 00487
2 40267 000.0304 105.6497 0001160 356.8794 329.4615 01.00272125  6499
HIMAWARI-8              
1 40267U 14060A   16189.08333333  .00000000  00000-0  00000-0 0 00475
2 40267 000.0205 098.1010 0000923 079.6741 278.3693 01.00269384  6439
HIMAWARI-8              
1 40267U 14060A   16181.00000000  .00000000  00000-0  00000-0 0 00460
2 40267 000.0334 088.9830 0000577 077.5313 251.6886 01.00271048  6355
HIMAWARI-8              
1 40267U 14060A   16175.00000000  .00000000  00000-0  00000-0 0 00452
2 40267 000.0171 073.9837 0001402 055.4398 282.8579 01.00273111  6292
HIMAWARI-8              
1 40267U 14060A   16167.00000000  .00000000  00000-0  00000-0 0 00442
2 40267 000.0418 097.6297 0001074 334.4826 332.2844 01.00270407  6212
HIMAWARI-8              
1 40267U 14060A   16161.12500000  .00000000  00000-0  00000-0 0 00433
2 40267 000.0257 073.5754 0000971 037.3582 332.6503 01.00270092  6156
HIMAWARI-8              
1 40267U 14060A   16153.00000000  .00000000  00000-0  00000-0 0 00425
2 40267 000.0506 110.2055 0000565 331.3717 312.0058 01.00268085  6079
HIMAWARI-8              
1 40267U 14060A   16147.12500000  .00000000  00000-0  00000-0 0 00415
2 40267 000.0308 066.5573 0001543 027.2608 335.9977 01.00269249  6015
HIMAWARI-8              
1 40267U 14060A   16139.25000000  .00000000  00000-0  00000-0 0 00404
2 40267 000.0522 081.8194 0001068 307.9618 077.2692 01.00276343  5936
HIMAWARI-8              
1 40267U 14060A   16133.12500000  .00000000  00000-0  00000-0 0 00397
2 40267 000.0247 050.3136 0000732 014.6166 351.0538 01.00272036  5874
HIMAWARI-8              
1 40267U 14060A   16125.00000000  .00000000  00000-0  00000-0 0 00389
2 40267 000.0115 156.1766 0001412 264.6407 302.0725 01.00262032  5793
HIMAWARI-8              
1 40267U 14060A   16119.20833333  .00000000  00000-0  00000-0 0 00376
2 40267 000.0104 075.8068 0001621 357.7158 358.7359 01.00267755  5734
HIMAWARI-8              
1 40267U 14060A   16111.12500000  .00000000  00000-0  00000-0 0 00360
2 40267 000.0055 013.3458 0001641 015.6272 005.3318 01.00268476  5650
HIMAWARI-8              
1 40267U 14060A   16105.04166667  .00000000  00000-0  00000-0 0 00350
2 40267 000.0124 269.0975 0000882 096.5931 352.5762 01.00271714  5599
HIMAWARI-8              
1 40267U 14060A   16097.08333333  .00000000  00000-0  00000-0 0 00349
2 40267 000.0101 061.9121 0001200 310.6331 352.9153 01.00265919  5515
HIMAWARI-8              
1 40267U 14060A   16091.12500000  .00000000  00000-0  00000-0 0 00345
2 40267 000.0094 010.5196 0001489 035.1985 328.8669 01.00271083  5457
HIMAWARI-8              
1 40267U 14060A   16083.12500000  .00000000  00000-0  00000-0 0 00335
2 40267 000.0115 036.0428 0001995 332.3295 358.3331 01.00268011  5372
HIMAWARI-8              
1 40267U 14060A   16077.06250000  .00000000  00000-0  00000-0 0 00322
2 40267 000.0119 323.6112 0001144 014.2867 000.2922 01.00270855  5310
HIMAWARI-8              
1 40267U 14060A   16069.00000000  .00000000  00000-0  00000-0 0 00319
2 40267 000.0020 330.0654 0001208 044.4330 293.2814 01.00272161  5232
HIMAWARI-8              
1 40267U 14060A   16063.00000000  .00000000  00000-0  00000-0 0 00302
2 40267 000.0145 304.4370 0000802 083.3806 274.0348 01.00269943  5175
HIMAWARI-8              
1 40267U 14060A   16054.75000000  .00000000  00000-0  00000-0 0 00292
2 40267 000.0014 211.7035 0000804 152.0555 199.9688 01.00271809  5092
HIMAWARI-8              
1 40267U 14060A   16040.00000000  .00000000  00000-0  00000-0 0 00284
2 40267 000.0165 277.3552 0001165 069.9594 291.8804 01.00273483  4946
HIMAWARI-8              
1 40267U 14060A   16027.00000000  .00000000  00000-0  00000-0 0 00278
2 40267 000.0239 299.7518 0001053 035.6885 290.9339 01.00274685  4811
HIMAWARI-8              
1 40267U 14060A   16013.00000000  .00000000  00000-0  00000-0 0 00262
2 40267 000.0080 236.6296 0000627 085.2297 290.7448 01.00275749  4677
HIMAWARI-8              
1 40267U 14060A   16007.12500000  .00000000  00000-0  00000-0 0 00252
2 40267 000.0247 287.3041 0000730 018.0757 346.4186 01.00269352  4618
